scene_id,im_id,obj_id,score,R,t,time
1120,44,1,1,-0.08404555 0.9886278 -0.12470513 -0.22668944 -0.14083603 -0.9637308 -0.97033405 -0.052727953 0.23594813,-0.030025208 0.13473673 0.6851647,-1
1120,48,1,1,-0.4317044 0.83121467 -0.3503049 -0.5201622 -0.54668975 -0.6561719 -0.7369278 -0.10105692 0.66837484,-0.058215268 0.084227294 0.7039507,-1
1120,52,1,1,-0.59138316 0.76992214 0.23976207 0.7817061 0.620357 -0.06397507 -0.19799392 0.14958969 -0.96872145,-0.11784587 0.03206944 0.75232345,-1
1120,56,1,1,-0.13673049 0.9610974 -0.23999308 0.9426889 0.051801138 -0.32962772 -0.3043724 -0.27130896 -0.9130985,-0.18229018 0.02410298 0.7957566,-1
1120,60,1,1,0.34414738 0.7465727 -0.5693785 0.7423941 -0.5876293 -0.3217807 -0.5748161 -0.31196326 -0.75648224,-0.21907523 0.058483437 0.8130629,-1
1120,64,1,1,0.3485593 0.67201924 -0.65337324 0.73870087 -0.6260297 -0.24981576 -0.57691205 -0.39557177 -0.71462965,-0.23075493 0.0822264 0.8190148,-1
1120,68,1,1,0.35316688 0.6718392 -0.65108013 0.7439953 -0.6236198 -0.2399362 -0.5672249 -0.39966306 -0.72008705,-0.23288834 0.08474071 0.82109034,-1
1120,72,1,1,0.35969207 0.6675051 -0.6519652 0.7343774 -0.6335591 -0.2435011 -0.5755967 -0.39120308 -0.7180868,-0.23377809 0.082774654 0.82130486,-1
1121,46,1,1,-0.109008946 0.975531 -0.19093558 0.12739098 -0.1767865 -0.9759703 -0.98584414 -0.13071296 -0.10500254,0.21060255 0.15841429 0.8585525,-1
1121,50,1,1,0.35589266 0.6057546 -0.7116192 0.1268956 -0.7857469 -0.605392 -0.92587143 0.12515321 -0.35650915,0.21249296 0.09557503 0.8332326,-1
1121,54,1,1,0.5200184 -0.33063957 -0.7875648 -0.16158696 -0.9434711 0.28939927 -0.8387315 -0.023232743 -0.5440494,0.18437627 0.027953397 0.78539085,-1
1121,58,1,1,0.045968186 -0.26384586 -0.96346885 -0.19207925 -0.9488253 0.2506714 -0.9803023 0.17353946 -0.09429509,0.1536487 0.022877371 0.7395947,-1
1121,62,1,1,-0.27026185 -0.45763505 -0.8470707 0.26933154 -0.8806212 0.38982937 -0.92434794 -0.12278685 0.36125386,0.12537172 0.051347487 0.68915075,-1
1121,66,1,1,-0.3057661 -0.49030706 -0.8161532 0.30892718 -0.8619211 0.40206483 -0.9005949 -0.12919411 0.4150154,0.12336613 0.060807154 0.68497777,-1
1121,70,1,1,-0.28493965 -0.49639636 -0.82000005 0.3040415 -0.858093 0.41380578 -0.90904796 -0.13140438 0.39542982,0.12311005 0.059414476 0.68258214,-1
1122,44,1,1,-0.27709332 0.9570954 -0.084781244 0.6066745 0.105850175 -0.7878717 -0.74509424 -0.2697486 -0.6099757,-0.13187648 -0.06379682 1.0892545,-1
1122,48,1,1,-0.624056 -0.7416251 -0.24606168 0.38788918 -0.56739557 0.7263637 -0.67830384 0.35784698 0.64175487,-0.097121395 -0.10626729 1.0481462,-1
1122,52,1,1,-0.7506989 0.45915258 -0.47500536 -0.28753385 -0.87441003 -0.3908088 -0.5947902 -0.1567996 0.7884405,-0.03859281 -0.14648199 0.9989873,-1
1122,56,1,1,-0.4419411 0.8963953 -0.034111474 -0.5666668 -0.30845279 -0.76403254 -0.69539696 -0.31832755 0.64427537,0.03425069 -0.14388596 0.9602721,-1
1122,60,1,1,0.051039826 0.96232617 0.26706445 -0.6509222 0.23486492 -0.72189945 -0.75742674 -0.13699254 0.6383869,0.08748606 -0.10532549 0.95745236,-1
1122,64,1,1,0.55055827 0.73803073 0.39012334 -0.34212852 0.6257601 -0.7009796 -0.7614681 0.2524578 0.5970187,0.09966257 -0.079214424 0.9672641,-1
1122,68,1,1,0.866112 0.24984285 0.43293035 0.12658133 0.7282578 -0.67351156 -0.48355693 0.63813734 0.59912723,0.101345085 -0.074589536 0.96768934,-1
1122,72,1,1,0.85865456 0.33027285 -0.39195946 0.49458176 -0.33315524 0.8027431 0.1345409 -0.883135 -0.4494122,0.10111643 -0.07487163 0.96675956,-1
1123,46,1,1,-0.16294542 0.8474338 0.50527686 0.27283219 0.53085333 -0.80234486 -0.94816214 0.007117361 -0.31770733,-0.11202893 0.024663333 0.9182663,-1
1123,50,1,1,0.088814646 -0.23534629 -0.967845 -0.1363684 -0.96540827 0.22223984 -0.986669 0.11224532 -0.11783618,-0.08807119 -0.06074623 0.92229307,-1
1123,54,1,1,-0.12110571 0.36106768 -0.9246423 0.03269348 -0.9295423 -0.36726314 -0.9921011 -0.07470744 0.10076832,-0.02918976 -0.1346177 0.9423843,-1
1123,58,1,1,-0.1601448 0.59978 -0.7839755 -0.095986225 -0.79992443 -0.59237444 -0.9824155 -0.019614838 0.1856744,0.016592031 -0.1488384 0.97356683,-1
1123,62,1,1,-0.20384882 0.7387978 -0.6423578 -0.30417863 -0.6714575 -0.67573684 -0.9305488 0.057643354 0.3616023,0.04230549 -0.13643375 1.0029632,-1
1123,66,1,1,-0.15755232 0.7499918 -0.6424092 -0.3516921 -0.6504949 -0.67317826 -0.9227621 0.11986945 0.3662532,0.047226273 -0.13355984 1.0172132,-1
1123,70,1,1,-0.17885932 0.74626255 -0.641172 -0.31176734 -0.6610859 -0.68247086 -0.9331722 0.07783021 0.3509017,0.048269875 -0.13606732 1.0175761,-1
1124,44,1,1,-0.58836514 0.113425456 0.8006004 -0.28759912 -0.9547229 -0.07609713 0.7557203 -0.27502486 0.59434676,-0.107954375 0.30737233 0.68040323,-1
1124,48,1,1,0.5115337 -0.16524532 -0.8432244 0.20482348 -0.9295971 0.30642578 -0.83449423 -0.32945925 -0.44167405,-0.16119055 0.26918957 0.6912332,-1
1124,52,1,1,0.6766437 -0.17321405 -0.7156466 0.42785615 -0.69851065 0.57360435 -0.59924316 -0.6943196 -0.39853215,-0.16532566 0.20190226 0.6956733,-1
1124,56,1,1,0.52650124 -0.013721913 -0.8500636 0.48933658 -0.81275344 0.3161985 -0.69523096 -0.5824461 -0.42120105,-0.18121275 0.13902235 0.739399,-1
1124,60,1,1,0.2852463 0.018130276 -0.9582828 0.17596856 -0.9838166 0.03376615 -0.9421622 -0.17825931 -0.2838204,-0.18889463 0.113160804 0.7816813,-1
1124,64,1,1,0.2590347 0.018396158 -0.9656928 0.1021573 -0.9947324 0.008453034 -0.9604504 -0.1008422 -0.2595495,-0.19074327 0.11070612 0.8041924,-1
1124,68,1,1,0.2537682 0.039978974 -0.96643853 0.09953408 -0.99492073 -0.0150214685 -0.96213025 -0.0923816 -0.25645855,-0.19221237 0.10985215 0.80915487,-1
1124,72,1,1,0.26188383 0.064595036 -0.96293527 0.20723893 -0.97824645 -0.009260583 -0.94258624 -0.19713248 -0.26957357,-0.19190355 0.10815392 0.80702025,-1
1125,46,1,1,-0.55684716 0.8294514 -0.043949522 0.8135138 0.53393686 -0.23044886 -0.16767988 -0.16407834 -0.9720914,0.06733514 0.07495006 0.8718874,-1
1125,50,1,1,0.05770753 0.9691938 0.23944333 -0.77760947 0.19405171 -0.59805304 -0.62609375 -0.15168124 0.7648525,0.09131807 0.066395395 0.8058435,-1
1125,54,1,1,0.24530447 0.8046931 0.540643 -0.10780816 0.5768666 -0.8096928 -0.963433 0.14033553 0.22826043,0.120199956 0.11755404 0.7581638,-1
1125,58,1,1,0.07558731 -0.5365182 -0.8404967 0.10123602 -0.83442354 0.54174584 -0.99198675 -0.12603766 -0.008756855,0.12764531 0.18446356 0.7234071,-1
1125,62,1,1,-0.03828746 -0.22380982 -0.9738805 -0.008680241 -0.97448397 0.22428972 -0.99922913 0.017041001 0.035367787,0.13303748 0.22726296 0.7227566,-1
1125,66,1,1,0.025722604 -0.25919515 -0.96548235 -0.0879617 -0.96264267 0.25608933 -0.9957917 0.07833819 -0.047560923,0.13314503 0.24181364 0.7325019,-1
1125,70,1,1,0.024201246 -0.23890889 -0.97074044 -0.053613644 -0.9699377 0.23737466 -0.9982685 0.04630017 -0.036282472,0.13470039 0.24453674 0.73590773,-1
1126,44,1,1,-0.1840355 0.96704054 -0.17596416 0.5232123 -0.05517125 -0.8504146 -0.8320936 -0.24857308 -0.4958141,0.1399919 0.031771272 0.9505455,-1
1126,48,1,1,0.7136296 0.1940495 -0.67311037 0.11756302 -0.98041546 -0.15800181 -0.69058794 0.033621885 -0.7224666,0.12601465 0.008152297 0.9004693,-1
1126,52,1,1,0.48015624 0.08090451 -0.873444 0.53222066 -0.8183832 0.21677195 -0.6972741 -0.56894934 -0.43601084,0.11009545 -0.0066734147 0.84734297,-1
1126,56,1,1,-0.18598422 -0.29562986 -0.93702346 0.1429897 -0.9516532 0.27186435 -0.97209245 -0.083422214 0.21926452,0.066323824 0.031281386 0.7753895,-1
1126,60,1,1,-0.5294399 -0.2885604 -0.7977633 0.32016742 -0.9387972 0.12709318 -0.785612 -0.18812962 0.5894243,0.036172263 0.087281354 0.7707945,-1
1126,64,1,1,-0.5396774 -0.16025276 -0.82647884 0.3010864 -0.95352477 -0.0117178 -0.78619033 -0.25516537 0.5628457,0.028328788 0.11101774 0.76975983,-1
1126,68,1,1,-0.5537191 -0.10131904 -0.82651657 0.2029349 -0.97906256 -0.01593586 -0.8075968 -0.17655306 0.5626868,0.027793996 0.11442465 0.7713802,-1
1126,72,1,1,-0.5274462 -0.14520316 -0.8370881 0.26202986 -0.965057 0.0022968592 -0.8081713 -0.21813062 0.54706323,0.026096877 0.11240068 0.7705048,-1
1127,46,1,1,-0.43776277 0.8536696 -0.28215608 0.3104319 -0.15101245 -0.93852395 -0.84379846 -0.4984411 -0.19889864,0.08442418 0.15833847 0.8419363,-1
1127,50,1,1,-0.92127496 -0.06391747 -0.38362357 0.3199748 -0.685256 -0.65424794 -0.2210625 -0.7254921 0.6517612,0.037054285 0.08073733 0.82075804,-1
1127,54,1,1,-0.5030871 0.8551965 0.12466831 0.80501807 0.41123608 0.42758703 0.31440285 0.31547377 -0.89533633,-0.025589906 0.025756486 0.8412934,-1
1127,58,1,1,-0.22956492 0.90740305 -0.3520224 0.90308523 0.33346188 0.27062944 0.36295602 -0.2557792 -0.8960134,-0.08483626 0.015195151 0.86496454,-1
1127,62,1,1,-0.026565002 0.7863838 -0.61716676 0.95299333 0.2063298 0.22188196 0.30182424 -0.5822615 -0.7548998,-0.11393671 0.024761353 0.8877676,-1
1127,66,1,1,0.022370843 0.7994381 -0.60033184 0.9752191 0.11475406 0.1891541 0.22010751 -0.5896866 -0.77706015,-0.12044056 0.02972765 0.89403164,-1
1127,70,1,1,-0.002751547 0.79362875 -0.6083962 0.96590453 0.15961455 0.20384242 0.25888407 -0.58709174 -0.7670087,-0.121692136 0.025776254 0.8977157,-1
1128,40,2,1,0.8271742 0.5261988 -0.19722465 -0.06364827 -0.26097965 -0.9632438 -0.5583293 0.80932343 -0.18238401,-0.031101696 0.10613743 0.75144196,-1
1128,44,2,1,0.8919318 0.39755914 -0.2154172 -0.21637213 -0.043063615 -0.97536075 -0.39704022 0.91656554 0.04761091,-0.016166959 0.04747271 0.7802739,-1
1128,48,2,1,0.7608017 0.44903305 -0.46856168 -0.6300307 0.3378118 -0.6992457 -0.15569875 0.8271955 0.5399124,-0.024748838 -0.044380557 0.849369,-1
1128,52,2,1,-0.4384927 0.64556664 0.6252742 0.81352806 0.5807954 -0.029132914 -0.3819636 0.49590352 -0.77986115,-0.09513305 -0.07820851 0.86848474,-1
1128,56,2,1,-0.11978486 0.815287 0.5665321 0.8712049 0.35996133 -0.33381104 -0.4760815 0.45358002 -0.75339997,-0.17998378 -0.046166062 0.8444291,-1
1128,60,2,1,-0.096245356 0.8016689 0.5899693 0.94082725 0.26676238 -0.20900215 -0.32493216 0.5349437 -0.7799066,-0.22364263 -0.013943651 0.8002649,-1
1128,64,2,1,-0.018328998 0.8392115 0.5434962 0.9561593 0.1736151 -0.23583303 -0.29227293 0.51534635 -0.8056021,-0.23641808 -0.003036525 0.79332864,-1
1128,68,2,1,-0.044725195 0.8404777 0.53999716 0.97396576 0.15693435 -0.16359165 -0.22223921 0.5186221 -0.8256155,-0.24469048 -0.0042977515 0.7935565,-1
1128,72,2,1,-0.041777983 0.8362873 0.54669744 0.97106177 0.16276506 -0.17477557 -0.23514584 0.52357525 -0.8188867,-0.24637102 -0.004069209 0.79105574,-1
1129,42,2,1,0.0939474 0.99517447 -0.028311552 0.029245196 -0.031183654 -0.9990857 -0.9951475 0.09303354 -0.0320337,0.13649118 0.13522442 0.9110747,-1
1129,46,2,1,-0.23013252 0.9653449 -0.123077385 -0.094780184 -0.14810434 -0.9844195 -0.96853274 -0.21488164 0.12557921,0.10457527 0.054838214 0.9271775,-1
1129,50,2,1,0.15051071 0.85312515 -0.4995238 0.40570357 -0.51407397 -0.75573313 -0.90152717 -0.08891266 -0.4234895,0.08417555 -0.042940482 0.90730697,-1
1129,54,2,1,0.2845486 0.76088816 -0.583165 0.8030942 -0.5213914 -0.2884281 -0.5235187 -0.38626462 -0.759426,0.08172653 -0.06932499 0.7993945,-1
1129,58,2,1,0.24470697 0.7491341 -0.6155621 0.9083741 -0.3991479 -0.12464999 -0.33907986 -0.5286579 -0.7781682,0.12658556 -0.048236147 0.7341125,-1
1129,62,2,1,0.1570027 0.81462324 -0.558336 0.96358943 -0.25025523 -0.094168365 -0.21643825 -0.52322197 -0.82425314,0.16513468 -0.028237877 0.70488054,-1
1129,66,2,1,0.07820748 0.82869387 -0.5542112 0.9575292 -0.21719469 -0.18964244 -0.27752724 -0.5158419 -0.8104849,0.18029037 -0.022892827 0.69961816,-1
1129,70,2,1,0.10852352 0.82754016 -0.55081767 0.96044517 -0.2302252 -0.15665746 -0.25645244 -0.5120291 -0.8197917,0.1864392 -0.023022655 0.7063975,-1
1130,40,2,1,0.7159642 0.68736815 -0.12214887 0.20552582 -0.3747332 -0.9040654 -0.66719896 0.62217367 -0.40956742,-0.092204235 -0.042268626 0.9580696,-1
1130,44,2,1,0.81882566 0.5658063 -0.09689057 0.25674692 -0.5119378 -0.8197565 -0.51342535 0.6463613 -0.5644568,-0.10594382 -0.076786645 0.92910933,-1
1130,48,2,1,0.89208996 0.45024592 0.038133465 0.39099464 -0.7268741 -0.5646036 -0.22649223 0.51858723 -0.82448083,-0.092368 -0.14495827 0.8567637,-1
1130,52,2,1,-0.5407765 0.4969552 -0.67867255 -0.6173605 -0.78249353 -0.08105555 -0.5713378 0.37515268 0.72995454,-0.045795206 -0.18552285 0.85176116,-1
1130,56,2,1,-0.1391641 0.6404955 -0.7552476 -0.7037454 -0.6005307 -0.37961206 -0.6966892 0.47867364 0.53431803,0.0469585 -0.1820611 0.89618987,-1
1130,60,2,1,-0.13681123 0.6480849 -0.7491786 -0.82739574 -0.49062255 -0.27332345 -0.54470074 0.58247346 0.6033454,0.08855312 -0.17608842 0.94894916,-1
1130,64,2,1,-0.19192818 0.6339454 -0.7491842 -0.8720038 -0.46041867 -0.16620502 -0.45030323 0.621392 0.6411701,0.10462614 -0.17439136 0.9857057,-1
1130,68,2,1,-0.19330847 0.61927384 -0.7610071 -0.8423191 -0.5024903 -0.19494121 -0.50312066 0.603327 0.6187618,0.10406423 -0.17828909 0.98866266,-1
1130,72,2,1,-0.2042622 0.60741806 -0.767672 -0.8567814 -0.49025083 -0.15993698 -0.47350043 0.62505805 0.62056416,0.108131684 -0.18183471 0.9909421,-1
1131,42,2,1,-0.58540946 0.8099921 -0.03476477 0.48361924 0.31446993 -0.81683606 -0.6506983 -0.4949965 -0.5758214,-0.01272241 0.0074828877 0.852298,-1
1131,46,2,1,-0.6713097 0.740942 -0.018658994 -0.0943098 -0.11036277 -0.9894067 -0.7351523 -0.66243863 0.14396569,0.010313661 -0.058765754 0.8187194,-1
1131,50,2,1,-0.1486628 0.8860195 0.43916816 -0.5147112 0.3098749 -0.79940593 -0.8443765 -0.34488672 0.40997735,0.04735646 -0.14245634 0.77621555,-1
1131,54,2,1,-0.32449824 0.6033658 -0.72845775 0.54984456 0.7469728 0.37376806 0.76965696 -0.27925146 -0.5741488,0.059197713 -0.19562042 0.84637976,-1
1131,58,2,1,-0.19311239 0.66062033 -0.7254574 0.64964575 0.64018154 0.41003415 0.73530126 -0.3921076 -0.5527962,0.03610718 -0.20224996 0.9296675,-1
1131,62,2,1,-0.13931574 0.70657086 -0.693793 0.69181395 0.5707354 0.44232854 0.7085087 -0.41835234 -0.5683281,0.013274605 -0.20256524 0.96843773,-1
1131,66,2,1,-0.09784853 0.7375788 -0.6681341 0.7035769 0.526081 0.47772187 0.7038502 -0.42333937 -0.5704197,0.001573269 -0.20531005 0.9820765,-1
1131,70,2,1,-0.120746635 0.72459614 -0.6785135 0.69291306 0.5509715 0.46508268 0.7108388 -0.41399372 -0.56861,-0.0018357517 -0.2053027 0.98376364,-1
1132,40,2,1,-0.10469602 0.9870776 -0.12131188 0.88274914 0.03605661 -0.46845907 -0.45803136 -0.15613376 -0.8751169,-0.05875395 0.26519844 0.73891604,-1
1132,44,2,1,0.058432627 0.9890665 -0.13539939 0.79608166 -0.12800501 -0.591497 -0.6023617 -0.07322624 -0.7948574,-0.031585425 0.23120439 0.7041712,-1
1132,48,2,1,0.49175096 0.86538935 -0.09634534 0.30888215 -0.2768234 -0.9099235 -0.8141086 0.4176964 -0.40343148,-0.031198405 0.15063775 0.64199525,-1
1132,52,2,1,0.4568702 0.8874493 -0.060853828 -0.3595312 0.12165087 -0.92516935 -0.81363803 0.44456115 0.3746444,-0.07353657 0.0767722 0.6298533,-1
1132,56,2,1,0.13567956 0.98985964 0.0420607 -0.61664414 0.117598936 -0.778409 -0.7754619 0.07967771 0.6263468,-0.14832638 0.06723848 0.68398815,-1
1132,60,2,1,0.051493797 0.9963723 0.06775504 -0.62559956 0.08506664 -0.77549267 -0.7784431 -0.0024544634 0.6277104,-0.2039592 0.08473398 0.7087481,-1
1132,64,2,1,0.087552465 0.99391234 0.066880286 -0.6247202 0.10707769 -0.7734721 -0.77592474 0.025937919 0.63029206,-0.22761267 0.09947057 0.71877074,-1
1132,68,2,1,0.07249525 0.99572337 0.05726628 -0.62978244 0.09022382 -0.77151394 -0.77338123 0.0198658 0.63362986,-0.23566204 0.10093404 0.7223424,-1
1132,72,2,1,0.057876017 0.9971005 0.049406398 -0.6251058 0.07478174 -0.7769494 -0.7783913 0.014082512 0.6276214,-0.2380156 0.10077264 0.72227955,-1
1133,42,2,1,-0.054273006 0.99782395 -0.037440475 0.80977654 0.022044724 -0.5863241 -0.5842229 -0.062139988 -0.8092109,0.009336962 0.115434185 0.8376604,-1
1133,46,2,1,0.15966593 0.98429525 -0.07529789 0.9123817 -0.17626302 -0.36944687 -0.376917 -0.009712338 -0.92619616,-0.021337826 0.07218046 0.7641956,-1
1133,50,2,1,0.511466 0.82536733 -0.23910484 0.8418264 -0.42544118 0.33215678 0.17242633 -0.37117165 -0.9124147,-0.018923676 0.063781045 0.68335706,-1
1133,54,2,1,-0.40799272 0.91121256 -0.056866277 -0.42465964 -0.24454065 -0.8717019 -0.80821174 -0.33149922 0.48672596,0.035447214 0.107917815 0.6336468,-1
1133,58,2,1,-0.01855123 0.9989154 -0.042708866 -0.5084875 -0.0462055 -0.85982877 -0.8608695 0.0057660453 0.5087932,0.11366208 0.14984179 0.65922624,-1
1133,62,2,1,-0.06505365 0.99684215 -0.045540087 -0.4575478 -0.07035394 -0.8863974 -0.88680214 -0.03682662 0.4606797,0.16519552 0.16421527 0.6817335,-1
1133,66,2,1,-0.123115025 0.9903516 -0.063611 -0.587939 -0.124427535 -0.7992781 -0.79948133 -0.061003752 0.59758526,0.17806952 0.16222212 0.69059855,-1
1133,70,2,1,-0.14266393 0.98738116 -0.068742506 -0.60298795 -0.14178006 -0.7850503 -0.7848902 -0.070547454 0.61560583,0.18071055 0.16225979 0.6895609,-1
1134,40,2,1,-0.45013413 0.89296 0.0012579953 0.5205972 0.26357305 -0.8121008 -0.7255052 -0.3648994 -0.58351576,0.049882125 0.024375917 0.95217955,-1
1134,44,2,1,-0.31438383 0.9491274 -0.017886281 0.5540802 0.16816622 -0.8153007 -0.7708164 -0.26622778 -0.57876146,0.02760363 -0.026103705 0.9277879,-1
1134,48,2,1,-0.2398035 0.89577645 -0.37427086 0.83839387 -0.003291428 -0.5450549 -0.48947927 -0.44449246 -0.75022423,-0.014863429 -0.10717846 0.8669814,-1
1134,52,2,1,0.26342437 0.7511583 -0.6052841 0.9564088 -0.1213712 0.2656148 0.12605469 -0.64886844 -0.75038654,-0.031243753 -0.09607752 0.7861684,-1
1134,56,2,1,0.38495544 0.68456316 -0.6190174 0.84706897 0.004240513 0.531466 0.366447 -0.7289412 -0.57823986,0.007860598 -0.034227714 0.7464636,-1
1134,60,2,1,0.2942216 0.75393903 -0.5873751 0.8447298 0.08233903 0.5288212 0.4470628 -0.65176386 -0.61264884,0.055595167 0.02357129 0.7316006,-1
1134,64,2,1,0.25406387 0.77609956 -0.5771665 0.85492283 0.098849624 0.5092502 0.4522815 -0.6228149 -0.6383911,0.07270769 0.042167738 0.72464937,-1
1134,68,2,1,0.2475519 0.7752011 -0.5811896 0.8562111 0.10571203 0.50569516 0.45345417 -0.6228068 -0.6375665,0.07890107 0.043794107 0.72169465,-1
1134,72,2,1,0.24578267 0.7834718 -0.5707563 0.86109555 0.09389442 0.49969828 0.44509038 -0.6142929 -0.6515664,0.080667876 0.043476738 0.7204968,-1
1135,42,2,1,0.8460548 0.5249024 -0.093106434 0.30728087 -0.6228966 -0.7194292 -0.4356258 0.5800667 -0.68829703,0.093420684 0.07915529 0.9224829,-1
1135,46,2,1,0.95359826 0.28128493 -0.10737394 0.018715467 -0.41131592 -0.91130066 -0.30049977 0.86700517 -0.39749452,0.10443065 -0.008043617 0.87832546,-1
1135,50,2,1,0.70108145 0.46152958 -0.5435763 -0.48919433 -0.24332972 -0.8375438 -0.5188195 0.85310084 0.05518369,0.071278065 -0.10474233 0.8600723,-1
1135,54,2,1,-0.43215135 -0.3507763 -0.83078355 0.8879778 -0.0048348606 -0.4598609 0.15729159 -0.93644685 0.313571,-0.01323805 -0.108769566 0.8667071,-1
1135,58,2,1,-0.15880506 -0.5876628 -0.79336846 0.9232962 0.19624154 -0.33017185 0.34972155 -0.78494704 0.51142263,-0.08605243 -0.05951524 0.85563666,-1
1135,62,2,1,-0.140807 -0.69103503 -0.70897394 0.8950594 0.21720558 -0.38947454 0.42313364 -0.68941456 0.5879333,-0.119166374 -0.022258924 0.8470659,-1
1135,66,2,1,-0.15176612 -0.6695453 -0.72710115 0.88570905 0.2344015 -0.40071872 0.43873295 -0.70481557 0.5574481,-0.11924284 -0.013217177 0.8304549,-1
1135,70,2,1,-0.17381641 -0.67973804 -0.7125617 0.8807392 0.21639961 -0.42127153 0.4405523 -0.70080495 0.5610581,-0.12191687 -0.012852888 0.8281942,-1
1136,40,3,1,0.13106498 -0.46853 -0.87367135 0.9606291 0.27779156 -0.0048632054 0.2449771 -0.8386367 0.48649225,0.1981921 0.2022662 0.7152123,-1
1136,44,3,1,-0.23958647 0.5921256 -0.7694059 -0.6999204 -0.6545515 -0.2857858 -0.672837 0.47005248 0.57126254,0.21372572 0.16396458 0.72995365,-1
1136,48,3,1,-0.44381437 -0.14097732 -0.88496 0.43466797 -0.8974607 -0.075020656 -0.7836406 -0.417959 0.45958427,0.22191976 0.07730425 0.75819004,-1
1136,52,3,1,-0.16213323 -0.5310793 -0.8316655 0.8520771 -0.50041986 0.1534422 -0.49767196 -0.68376505 0.5336552,0.22083311 -0.022424914 0.753151,-1
1136,56,3,1,-0.107624516 -0.6602269 -0.7433153 0.9633959 -0.2539035 0.08603197 -0.24553095 -0.7068477 0.663386,0.2460518 -0.07046724 0.7363964,-1
1136,60,3,1,-0.25519967 -0.43860692 -0.8616827 0.96640885 -0.14377317 -0.2130335 -0.030448893 -0.88710386 0.46056443,0.28335154 -0.06838084 0.705205,-1
1136,64,3,1,-0.46115637 -0.22992246 -0.8570125 0.88181776 -0.0113708 -0.47145334 0.098652795 -0.97314256 0.20799339,0.29215822 -0.049501404 0.6826804,-1
1136,68,3,1,-0.46338332 -0.22171104 -0.8579744 0.8607477 0.11758095 -0.4952656 0.2106873 -0.9679973 0.13635224,0.28990233 -0.03450776 0.6781411,-1
1136,72,3,1,-0.4950398 0.23904586 -0.8353399 0.8182342 0.45167002 -0.35565004 0.29228127 -0.8595646 -0.41919014,0.2895974 -0.024333453 0.6782135,-1
1137,42,3,1,0.178869 0.4527302 -0.87352234 0.8160782 -0.56419426 -0.12530497 -0.5495656 -0.69044936 -0.47038007,-0.19807032 0.18714485 0.73114467,-1
1137,46,3,1,0.38416472 -0.32078853 -0.86574376 -0.4452133 -0.8858381 0.13067544 -0.8088279 0.33523974 -0.4831271,-0.17733803 0.119913295 0.7192055,-1
1137,50,3,1,-0.4312778 0.30646175 -0.84857565 0.77094805 0.61374307 -0.1701722 0.46865618 -0.72759926 -0.5009598,-0.18118535 0.024728509 0.74465954,-1
1137,54,3,1,-0.335704 0.55448496 -0.7614783 0.9415078 0.1722617 -0.28963584 -0.029425174 -0.8141697 -0.5798809,-0.20617963 -0.045561608 0.73654366,-1
1137,58,3,1,0.020593025 0.43631047 -0.8995605 0.83355135 -0.50431293 -0.22552308 -0.5520581 -0.7451857 -0.37407246,-0.25666988 -0.061127163 0.7020109,-1
1137,62,3,1,0.23846017 0.5855019 -0.77480596 0.97049356 -0.17304969 0.16791704 -0.03576418 -0.7919857 -0.6094912,-0.29040453 -0.04324213 0.6843198,-1
1137,66,3,1,0.098047115 0.5236014 -0.84630275 0.94068724 -0.32630768 -0.092902325 -0.32479888 -0.78699744 -0.5245387,-0.30229133 -0.027083151 0.6796502,-1
1137,70,3,1,0.18468009 0.9744915 0.12751347 -0.22114907 0.16762324 -0.9607266 -0.95759404 0.1492276 0.24646457,-0.3064951 -0.01424709 0.68138677,-1
1138,40,3,1,-0.6299195 0.5698359 -0.5277201 -0.3354253 -0.8124413 -0.4768953 -0.70049363 -0.12339498 0.70290995,0.024700789 -0.016013304 1.0929422,-1
1138,44,3,1,-0.8876667 -0.27869207 -0.36657676 0.39415964 -0.8714405 -0.2919413 -0.23808807 -0.40363634 0.88339794,0.019274984 -0.04877571 1.0714697,-1
1138,48,3,1,-0.5727338 0.41819444 -0.7050457 -0.24421091 -0.90807426 -0.34023854 -0.7825197 -0.022686273 0.62221247,-0.0066391923 -0.10872111 1.0051221,-1
1138,52,3,1,0.020706223 0.7031546 -0.71073544 -0.6871755 -0.50634545 -0.52096456 -0.7261963 0.4991872 0.47270614,-0.0016066636 -0.1889115 0.9627775,-1
1138,56,3,1,-0.43467835 0.72274464 -0.53730327 -0.75080055 -0.6203013 -0.22699057 -0.49734616 0.3047397 0.8122687,-0.020977037 -0.24152437 0.9616101,-1
1138,60,3,1,-0.34432864 0.82182306 0.4539215 0.9247315 0.21334574 0.31520677 0.16220196 0.5282902 -0.8334267,-0.04319958 -0.25229913 0.9945713,-1
1138,64,3,1,-0.2662726 0.800069 0.5375765 0.8440644 0.46285442 -0.27077863 -0.46546128 0.38164824 -0.7985552,-0.043168977 -0.25400364 1.0312623,-1
1138,68,3,1,-0.32793617 0.9364573 0.124521375 0.759609 0.33974957 -0.55458486 -0.5616511 -0.08728088 -0.8227576,-0.02756348 -0.24854182 1.0496559,-1
1138,72,3,1,-0.56757194 0.8205743 0.06722951 0.4985628 0.40752748 -0.7650859 -0.65520775 -0.40072313 -0.640409,-0.023970844 -0.24549201 1.0531858,-1
1139,42,3,1,-0.20616399 0.694771 -0.6890498 0.68833524 0.60346395 0.4025243 0.695479 -0.39131123 -0.6026479,0.023800395 0.0013196111 1.0587028,-1
1139,46,3,1,0.8913171 0.32159925 0.31957412 0.23167448 -0.92896783 0.28869644 0.38971865 -0.18328291 -0.90251136,0.008358634 -0.061563954 1.0173026,-1
1139,50,3,1,0.71841884 0.29299855 -0.6308932 0.68264204 -0.4712795 0.55847603 -0.13369437 -0.8318939 -0.53858924,-0.004345755 -0.14058922 0.95691717,-1
1139,54,3,1,0.34077135 0.7873834 -0.51371413 0.8988524 -0.112700835 0.42351246 0.2755707 -0.6060741 -0.7461467,0.020544194 -0.19942269 0.92119503,-1
1139,58,3,1,0.00864626 0.75604886 -0.6544581 0.98400253 0.11003324 0.14011353 0.17794482 -0.6451999 -0.74300253,0.059656896 -0.23950025 0.94583404,-1
1139,62,3,1,-0.26844922 0.7732584 -0.57446194 0.96256334 0.19210583 -0.19122575 -0.037509434 -0.60429037 -0.79588073,0.08856646 -0.23969802 0.9876876,-1
1139,66,3,1,-0.35279512 0.8354362 -0.42140478 0.92383826 0.23951368 -0.29859003 -0.14852071 -0.49465096 -0.85630727,0.10340911 -0.2295551 1.0088084,-1
1139,70,3,1,-0.44976875 0.78922874 -0.41812217 0.87607795 0.29876226 -0.37845558 -0.1737689 -0.53652513 -0.8257997,0.10779638 -0.21920405 1.0189035,-1
1140,40,3,1,-0.054726843 0.2793551 -0.958627 -0.60414726 -0.7736535 -0.19096164 -0.79499125 0.56870115 0.21111123,0.1999396 0.28559592 0.8537287,-1
1140,44,3,1,-0.36323076 0.33312088 -0.8701114 0.2200412 -0.876807 -0.42754114 -0.9053427 -0.34675646 0.24518296,0.2115191 0.24450955 0.825798,-1
1140,48,3,1,-0.20778462 -0.061395094 -0.976246 0.97468054 -0.0972756 -0.20133387 -0.082604 -0.993362 0.08005298,0.20101473 0.17536438 0.759598,-1
1140,52,3,1,-0.094064996 0.04676108 -0.99446726 0.8839721 0.4634344 -0.061822165 0.4579795 -0.88489664 -0.08492843,0.20775087 0.12501284 0.69609386,-1
1140,56,3,1,0.24572575 0.080066495 -0.966027 -0.6319867 -0.742415 -0.22228983 -0.7349909 0.66513854 -0.13182952,0.259286 0.1135489 0.6490683,-1
1140,60,3,1,0.21652992 0.1427656 -0.96578085 -0.64658725 -0.72021335 -0.25143093 -0.731464 0.67890394 -0.06363733,0.29023126 0.12269184 0.63637525,-1
1140,64,3,1,0.30831355 0.049127504 -0.95001537 -0.7004917 -0.6639583 -0.26166913 -0.64362574 0.74615407 -0.17029393,0.31477126 0.14522807 0.64996564,-1
1140,68,3,1,0.35110977 0.11447721 -0.92930984 -0.6705382 -0.6619881 -0.33488837 -0.65352917 0.7407203 -0.15566914,0.31651634 0.16089639 0.65436834,-1
1140,72,3,1,0.34927684 0.115437984 -0.9298816 -0.6256115 -0.7100649 -0.32313797 -0.69757867 0.6946092 -0.1757899,0.31850305 0.17060487 0.6597851,-1
1141,42,3,1,-0.13500854 -0.3418968 -0.92998886 0.8775583 0.3945439 -0.2724454 0.46006963 -0.8529019 0.2467676,-0.13019021 0.21276848 0.8834935,-1
1141,46,3,1,-0.19699849 -0.111132145 -0.97408485 0.5965543 -0.80204344 -0.029142719 -0.77801967 -0.58683556 0.2242977,-0.13982825 0.19176605 0.79950327,-1
1141,50,3,1,0.009382737 0.03540462 -0.999329 -0.13536043 -0.9901294 -0.036349595 -0.99075204 0.13561065 -0.004497738,-0.13538347 0.14400882 0.72851783,-1
1141,54,3,1,0.05361462 -0.035755664 -0.9979213 -0.46537796 -0.88508654 0.006709745 -0.88348675 0.46405083 -0.06409348,-0.15427636 0.08720052 0.67762506,-1
1141,58,3,1,0.05977632 0.0067226626 -0.99818915 -0.6371544 -0.7695167 -0.043338425 -0.76841456 0.63859123 -0.041715503,-0.20390552 0.07102137 0.6611915,-1
1141,62,3,1,-0.054182548 0.12498104 -0.9906785 -0.6898012 -0.72202957 -0.05336224 -0.72196853 0.68047994 0.12533347,-0.23992623 0.072904825 0.68182355,-1
1141,66,3,1,-0.13198276 0.22391614 -0.9656304 -0.6978392 -0.71283394 -0.06991525 -0.7039893 0.66462713 0.25033927,-0.24926536 0.07589587 0.69901633,-1
1141,70,3,1,-0.27420384 0.24262276 -0.93056244 -0.6784412 -0.73460686 0.00838076 -0.68156415 0.63363 0.3660373,-0.25308543 0.07879329 0.7160515,-1
1142,40,3,1,0.06805976 0.59183437 -0.80318123 0.92126864 0.2717084 0.27827802 0.3829255 -0.75888526 -0.52674603,-0.106302336 0.17099208 0.90280396,-1
1142,44,3,1,0.3681023 -0.24842684 -0.89598256 0.83030677 -0.3458478 0.43701258 -0.41843927 -0.9048058 0.07896312,-0.09827453 0.14152561 0.8663426,-1
1142,48,3,1,0.6261698 -0.38267723 -0.6793155 -0.009524807 -0.87495667 0.48410764 -0.7796286 -0.29666322 -0.55151635,-0.07271032 0.083068796 0.79625744,-1
1142,52,3,1,0.5025789 -0.52521026 -0.6867085 -0.60091287 -0.783283 0.15928464 -0.6215451 0.3325989 -0.709267,-0.061699983 0.0028900502 0.73717624,-1
1142,56,3,1,-0.15068555 0.5474719 -0.82314545 0.73231643 0.62115437 0.27906978 0.66408324 -0.56075114 -0.4945216,-0.09824988 -0.033046905 0.7077122,-1
1142,60,3,1,-0.0371873 -0.440028 -0.8972137 -0.6563573 -0.6662613 0.35396454 -0.7535331 0.6020557 -0.26403916,-0.15080813 -0.013251531 0.6779969,-1
1142,64,3,1,-0.059920594 -0.5269396 -0.84778786 -0.58445835 -0.66998845 0.4577378 -0.8092082 0.5229246 -0.26782814,-0.18243626 0.012665496 0.67306006,-1
1142,68,3,1,-0.23734872 -0.4014115 -0.88460976 -0.561004 -0.6867867 0.46216723 -0.79305744 0.60596436 -0.06218551,-0.1968503 0.0257733 0.68708575,-1
1142,72,3,1,-0.32882813 -0.42433324 -0.84369034 -0.5359541 -0.6517198 0.5366698 -0.77757657 0.62865144 -0.013119356,-0.19901597 0.030039998 0.69338953,-1
1143,42,3,1,-0.46238533 0.5874349 -0.6641688 -0.42400393 -0.80434597 -0.41623107 -0.7787301 0.089151025 0.62099236,0.046889033 0.17893218 0.9128642,-1
1143,46,3,1,-0.76589555 0.28504136 -0.57632923 0.099367574 -0.8331181 -0.54409575 -0.6352402 -0.47398895 0.60975754,0.06552574 0.1166276 0.88435036,-1
1143,50,3,1,-0.470787 0.4846593 0.7372007 0.8103206 -0.09292206 0.57857233 0.34891272 0.86975324 -0.34898293,0.07440003 0.03182043 0.84223485,-1
1143,54,3,1,0.0028814333 0.6507238 0.759309 0.8153006 -0.44119558 0.3750084 0.5790307 0.6179845 -0.5318068,0.059890635 -0.0296746 0.77410805,-1
1143,58,3,1,0.111031055 0.69619405 -0.70921516 -0.7143226 -0.44024473 -0.5439925 -0.6909525 0.5670085 0.4484263,0.08904627 -0.020624012 0.7317263,-1
1143,62,3,1,0.18223186 0.71389925 -0.6761209 -0.5058958 -0.52156055 -0.68705463 -0.84312576 0.46724993 0.26611364,0.13203615 0.024101408 0.73526716,-1
1143,66,3,1,0.29991335 0.7606355 -0.57574785 -0.37674934 -0.4600298 -0.8040103 -0.8764199 0.45804602 0.14859983,0.13238059 0.053204685 0.7335146,-1
1143,70,3,1,0.331716 0.7599853 -0.5589158 -0.3273304 -0.4629315 -0.823741 -0.8847708 0.45619822 0.09520452,0.12902538 0.068325356 0.7356332,-1
1144,45,4,1,0.8665789 0.4860746 -0.1130161 -0.14333372 0.025506318 -0.98934567 -0.4780132 0.87354505 0.091774106,-0.15476128 0.16355991 0.6426728,-1
1144,49,4,1,0.6610315 0.24722299 0.7084618 0.5261133 -0.825908 -0.2026841 0.5350162 0.5067117 -0.6760184,-0.16758844 0.12101768 0.651909,-1
1144,53,4,1,0.16925609 0.9514766 0.25699127 0.581437 -0.30694097 0.7534708 0.79579103 0.021894708 -0.6051754,-0.19970138 0.048440564 0.6841959,-1
1144,57,4,1,-0.028885685 0.9708633 -0.2378867 0.87125415 0.1411113 0.4701104 0.48998144 -0.19368032 -0.8499448,-0.24093576 -0.02255839 0.74424213,-1
1144,61,4,1,-0.20910354 0.9535742 -0.2167298 0.93999285 0.25710464 0.22430019 0.26960912 -0.1568225 -0.9501145,-0.2720362 -0.022074701 0.8196885,-1
1144,65,4,1,-0.54902667 0.73739505 -0.39346924 0.8005944 0.59917843 0.0058036614 0.24003789 -0.3118229 -0.91931945,-0.29801002 0.009832909 0.8850188,-1
1144,69,4,1,-0.4838357 0.7185741 -0.49955407 0.85699576 0.50471246 -0.10403653 0.17737319 -0.47845232 -0.8600129,-0.32296222 0.04014993 0.93222725,-1
1144,73,4,1,-0.36222118 0.7203943 -0.5914625 0.9255472 0.35305366 -0.13680483 0.11026456 -0.5969801 -0.79464245,-0.33955884 0.055238374 0.95540744,-1
1145,48,4,1,-0.9349653 -0.34003496 -0.1010742 0.13370016 -0.073865615 -0.9882652 0.3285788 -0.93750733 0.11452452,0.26085708 0.17484882 0.75318044,-1
1145,52,4,1,-0.88624436 0.022921419 -0.46265054 0.4628373 0.084299445 -0.88242584 0.01877473 -0.9961769 -0.085318804,0.25306606 0.11172374 0.7391483,-1
1145,56,4,1,-0.29320198 0.73082334 -0.61638445 0.43098643 -0.47445598 -0.76755595 -0.85339516 -0.49070227 -0.17586353,0.23441707 0.017348863 0.7104799,-1
1145,60,4,1,-0.4321534 0.19432907 -0.8806132 0.8071049 -0.35225376 -0.47381327 -0.40227503 -0.91550726 -0.0046162843,0.17495127 -0.04645762 0.67589825,-1
1145,64,4,1,-0.28099096 0.26370078 -0.9227708 0.6859588 -0.6172697 -0.38527736 -0.6711964 -0.7412422 -0.0074406858,0.1105321 -0.05187341 0.6291062,-1
1145,68,4,1,-0.3261262 0.08907848 -0.94111997 0.87274164 -0.3541968 -0.33595636 -0.36326814 -0.93091875 0.03777036,0.05955659 -0.033638295 0.59321606,-1
1145,72,4,1,-0.25603306 -0.1111362 -0.9602582 0.85673773 -0.4861686 -0.17216437 -0.44771367 -0.8667692 0.2196898,0.03199397 -0.024635015 0.55568194,-1
1146,47,4,1,-0.15516901 0.983518 0.09281673 0.55061966 0.16411127 -0.81846535 -0.82020766 -0.07589373 -0.5670093,-0.01140336 -0.09204861 1.1373498,-1
1146,51,4,1,-0.46532682 0.5007603 0.7298699 0.8825673 0.19967881 0.42567995 0.06742408 0.8422396 -0.53487056,0.0033930142 -0.12989353 1.0883023,-1
1146,55,4,1,-0.88267255 -0.06465865 -0.46551943 0.4602247 -0.31975603 -0.82822055 -0.095301025 -0.94529104 0.3119974,0.060563587 -0.18776338 1.0064121,-1
1146,59,4,1,-0.9604651 0.16614354 -0.22339 0.27839452 0.5679759 -0.774532 -0.0018033393 -0.8061015 -0.5917745,0.0998535 -0.20816043 0.9280631,-1
1146,63,4,1,-0.0076777134 0.9252932 0.37917456 0.99899554 -0.009642655 0.043758962 0.044146124 0.37912965 -0.9242898,0.15618625 -0.17570874 0.9090327,-1
1146,67,4,1,-0.6746428 0.6777182 0.2924981 0.7378504 0.60798615 0.29313758 0.020829879 0.413583 -0.91022813,0.19769742 -0.11562354 0.8949922,-1
1146,71,4,1,-0.6720997 0.71671724 0.18600668 0.7066953 0.5458904 0.45009497 0.22105154 0.43395877 -0.8733934,0.22729623 -0.07957996 0.87987894,-1
1147,46,4,1,-0.87978464 0.4621095 -0.11150707 0.35942614 0.49312437 -0.7922381 -0.3111139 -0.73707753 -0.59993744,-0.12016702 -0.005511986 1.0348979,-1
1147,50,4,1,-0.96932936 0.00501585 0.24571435 -0.17459255 0.68959475 -0.7028347 -0.17296863 -0.72417825 -0.6675686,-0.12119268 -0.05252406 1.0224,-1
1147,54,4,1,0.70029664 0.31662455 0.6397917 0.19853228 -0.94727945 0.25148875 0.6856891 -0.049097404 -0.7262368,-0.09236339 -0.14203198 1.0025495,-1
1147,58,4,1,0.8388247 0.54251486 0.04528629 0.32061356 -0.4250662 -0.84647846 -0.43997744 0.7245664 -0.5304936,-0.032434803 -0.21944216 0.9814692,-1
1147,62,4,1,0.49227116 0.848625 0.19366115 0.70308053 -0.2564876 -0.6632434 -0.5131733 0.46265498 -0.7229132,0.03945391 -0.24279691 0.9872122,-1
1147,66,4,1,-0.060703162 0.44859767 0.89166987 0.83668125 -0.4642769 0.29053655 0.5443158 0.7636799 -0.34715018,0.11305225 -0.23990437 1.0192802,-1
1147,70,4,1,-0.5667701 -0.12944496 -0.81364346 0.63589716 -0.69665617 -0.33212197 -0.5238382 -0.70563036 0.47715756,0.16288523 -0.23880225 1.0513811,-1
1148,45,4,1,0.46067047 0.8873411 0.02021329 0.8760841 -0.45093837 -0.17067882 -0.14233539 0.09633523 -0.9851194,-0.21733868 0.3152899 0.7905,-1
1148,49,4,1,-0.77677125 0.6219569 -0.09897522 0.53981084 0.5765768 -0.61332166 -0.3243928 -0.5298385 -0.78360736,-0.22939458 0.2799823 0.753414,-1
1148,53,4,1,-0.80355585 0.53274393 0.26548406 0.1311094 0.59348166 -0.79409677 -0.5806103 -0.60329366 -0.54674345,-0.25312743 0.22954442 0.7181232,-1
1148,57,4,1,0.93776137 0.039614856 0.34501332 0.22060607 -0.83522683 -0.5037152 0.2682098 0.5484767 -0.79198277,-0.2525706 0.12955156 0.6859669,-1
1148,61,4,1,0.98750186 -0.04749025 0.15028246 0.06400875 -0.7505005 -0.6577629 0.14402436 0.6591615 -0.7380808,-0.23012097 0.05079386 0.705254,-1
1148,65,4,1,0.97023964 0.19406934 0.14481746 0.24034205 -0.6989283 -0.6735984 -0.029507795 0.6883576 -0.72477096,-0.21330881 0.0024574087 0.7632193,-1
1148,69,4,1,0.8381567 0.5395291 0.08001123 0.24989003 -0.24945715 -0.93558866 -0.4848179 0.80416393 -0.3439071,-0.20688558 -0.036090035 0.8167728,-1
1148,73,4,1,0.5639533 0.76821816 0.3029811 0.76056826 -0.34025353 -0.5529588 -0.32170257 0.54228073 -0.7761695,-0.20249273 -0.05566831 0.8560002,-1
1149,48,4,1,-0.24102332 0.95978975 0.14391454 0.7737437 0.27954414 -0.5684855 -0.58585703 -0.025665298 -0.8100079,0.16798002 0.14269933 0.8855149,-1
1149,52,4,1,-0.7579401 0.6204343 0.20146526 0.5060547 0.75412744 -0.41856974 -0.4116254 -0.21529835 -0.88555706,0.17024249 0.12883274 0.81845164,-1
1149,56,4,1,0.6333387 0.51111597 -0.58107024 0.7361575 -0.6294631 0.24869356 -0.23865099 -0.5852665 -0.7749251,0.19518353 0.11098849 0.72152865,-1
1149,60,4,1,0.56156296 0.46430653 -0.6848843 0.8083653 -0.48452935 0.33433062 -0.17661469 -0.7413844 -0.6474229,0.18034065 0.1540952 0.64575154,-1
1149,64,4,1,0.23042832 0.9553663 0.18487306 0.93622494 -0.16586329 -0.30979398 -0.26530305 0.24446808 -0.93265736,0.15284207 0.22590572 0.60810643,-1
1149,68,4,1,0.52002597 -0.5673542 -0.6385 0.7048188 -0.13723834 0.69598573 -0.48249704 -0.8119575 0.3285144,0.11996904 0.30084547 0.66393614,-1
1149,72,4,1,-0.04704388 -0.64054304 0.7664799 -0.99841356 0.0063844956 -0.055943668 0.030940741 -0.7678957 -0.6398272,0.12990043 0.3234417 0.64648616,-1
1150,47,4,1,0.99156696 0.10767504 -0.072118625 0.021695904 -0.6865585 -0.7267508 -0.12776658 0.7190574 -0.6831048,0.18848684 0.11511541 0.8979392,-1
1150,51,4,1,-0.9804863 0.07974179 -0.17968844 0.18547274 0.6782164 -0.7110714 0.06516554 -0.730523 -0.6797718,0.17543009 0.07776827 0.8325458,-1
1150,55,4,1,-0.4685192 0.4055349 -0.7848766 0.8814555 0.15486589 -0.44615337 -0.059380148 -0.9008652 -0.43001857,0.1462501 0.032081712 0.7571496,-1
1150,59,4,1,-0.33053604 0.28665566 -0.8992078 0.929498 -0.066326566 -0.3628144 -0.16364415 -0.9557351 -0.24452256,0.09344057 0.021653159 0.6815396,-1
1150,63,4,1,-0.05336353 0.64045143 -0.7661424 0.99612546 -0.019566864 -0.08573914 -0.06990276 -0.76774937 -0.6369258,0.030934718 0.05035472 0.6303644,-1
1150,67,4,1,-0.11782858 0.22067153 0.9682048 0.9797564 -0.13307182 0.14956388 0.16184527 0.96622777 -0.20052467,-0.027788065 0.10034798 0.6312195,-1
1150,71,4,1,-0.27645674 0.07722093 -0.9579189 0.28700346 -0.944645 -0.15898049 -0.9171699 -0.31887728 0.23899081,-0.05853212 0.13060145 0.61324835,-1
1151,46,4,1,-0.41823828 0.9080909 0.021158423 0.44195274 0.22378963 -0.8686748 -0.7935708 -0.35396203 -0.49493062,-0.030003058 0.21141018 0.834217,-1
1151,50,4,1,-0.55900216 0.82417995 -0.09079553 0.26798028 0.075953305 -0.96042573 -0.7846675 -0.56121147 -0.26332206,-0.03975509 0.17272277 0.8216635,-1
1151,54,4,1,0.9691756 -0.17664313 0.1717435 0.07908267 -0.43715504 -0.8959026 0.23333357 0.88186884 -0.40971062,-0.080127336 0.081513345 0.7921935,-1
1151,58,4,1,0.31580353 0.8876473 0.3351873 0.49559954 -0.45556307 0.7394886 0.80910397 -0.06741445 -0.583786,-0.12035572 -0.0154808285 0.7906517,-1
1151,62,4,1,0.35319814 0.9352969 -0.021699984 0.6360022 -0.22303495 0.73875344 0.6861139 -0.27472758 -0.6736264,-0.15912168 -0.060080875 0.836902,-1
1151,66,4,1,0.20926146 0.97552073 -0.06759252 0.71721375 -0.1061306 0.6887239 0.6646909 -0.19260165 -0.721866,-0.19367191 -0.075663835 0.8997809,-1
1151,70,4,1,0.13617784 0.96337634 -0.23100148 0.79905844 0.031027704 0.6004523 0.58562905 -0.26635197 -0.76556855,-0.22176215 -0.08114837 0.9413987,-1
1152,46,5,1,-0.7382969 0.6672202 0.09866552 -0.18552943 -0.060258545 -0.98078936 -0.648457 -0.7424191 0.16827768,0.15300088 0.12489555 0.74963635,-1
1152,50,5,1,-0.88445956 0.46659216 0.004805013 -0.08601896 -0.15291685 -0.98448825 -0.45861977 -0.87115335 0.17538454,0.17144062 0.07091097 0.71669483,-1
1152,54,5,1,-0.9172113 0.39361197 -0.06158816 -0.04039923 -0.24568178 -0.9685083 -0.39634755 -0.8858386 0.2412437,0.18925191 0.0013755654 0.67639846,-1
1152,58,5,1,-0.9351856 0.33388022 -0.11811799 0.02765327 -0.26365954 -0.96421933 -0.3530767 -0.9049904 0.23733772,0.19749579 -0.052694086 0.63105047,-1
1152,62,5,1,-0.9683228 0.21250254 -0.13112406 0.07991362 -0.23377246 -0.96900165 -0.23656851 -0.948785 0.20938538,0.19223298 -0.07674505 0.59694403,-1
1152,66,5,1,-0.96837246 0.22315522 -0.11160877 0.060489874 -0.22399794 -0.97271055 -0.24206558 -0.94869727 0.2034148,0.18464237 -0.08301048 0.5861643,-1
1152,70,5,1,-0.9589587 0.26836914 -0.0915216 0.024394654 -0.24349123 -0.9695963 -0.28249443 -0.93203545 0.22695126,0.18116815 -0.08234595 0.5826626,-1
1153,48,5,1,0.3878027 0.9174289 -0.08906913 -0.2669287 0.019288152 -0.96352327 -0.8822461 0.39743203 0.25236812,-0.18383597 0.1264653 0.78011805,-1
1153,52,5,1,0.30493286 0.95171833 -0.035328217 -0.27101117 0.051151857 -0.9612161 -0.9129999 0.30268073 0.2735242,-0.23839891 0.07001181 0.78034455,-1
1153,56,5,1,-0.02201632 0.99752325 0.066803016 -0.30073935 0.057116397 -0.95199454 -0.9534522 -0.04104971 0.298737,-0.30164874 0.01656852 0.7855829,-1
1153,60,5,1,-0.06474742 0.9974776 0.029088845 -0.30367962 0.008071994 -0.95274 -0.95057166 -0.07052115 0.302391,-0.3489373 -0.011821308 0.7977243,-1
